4294967294,0
4294967294,437
4294967294,471
4294967294,417
4294967294,52
4294967294,92
4294967294,88
4294967279,276
4294967278,380
4294967278,291
4294967278,359
4294967278,395
4294967278,106
4294967278,105
4294967278,97
4294967279,298
4294967278,245
4294967278,277
4294967294,5
4294967294,1414
4294967294,83
4294967278,104
4294967278,102
4294967278,92
4294967278,91
4294967278,90
4294967278,87
4294967278,80
4294967278,79
4294967278,77
4294967278,68
4294967278,0
4294967279,81
4294967279,77
4294967279,65
4294967279,60
4294967279,57
4294967278,427
4294967294,93
4294967294,95
4294967279,330
4294967278,393
4294967294,946
4294967294,26
4294967294,50
4294967294,470
4294967294,25
4294967294,51
4294967294,67
4294967294,81
4294967294,970
4294967294,82
4294967278,432
4294967294,7
4294967294,6
4294967278,273
4294967278,261
4294967278,278
4294967279,518
0,5
4294967293,131
4294967293,130
4294967293,129
4294967293,128
4294967293,127
4294967293,126
4294967293,125
4294967293,124
4294967293,123
4294967293,122
4294967293,121
4294967293,120
4294967293,119
4294967293,118
4294967293,117
4294967293,116
4294967293,115
4294967293,114
4294967293,113
4294967293,112
4294967293,111
4294967293,110
4294967293,109
4294967293,108
4294967293,107
4294967293,106
4294967293,105
4294967293,104
4294967293,103
4294967293,102
4294967293,101
4294967293,100
4294967293,99
4294967293,98
4294967293,97
4294967293,96
4294967293,95
4294967293,94
4294967293,93
4294967293,92
4294967293,91
4294967293,90
4294967293,89
4294967293,87
4294967293,86
4294967293,85
4294967293,84
4294967293,83
4294967293,82
4294967293,81
4294967293,80
4294967293,79
4294967293,78
4294967293,77
4294967293,76
4294967293,75
4294967293,74
4294967293,73
4294967293,72
4294967293,71
4294967293,70
4294967293,69
4294967293,68
4294967293,67
4294967293,66
4294967293,65
4294967293,64
4294967293,63
4294967293,62
4294967293,61
4294967293,60
4294967293,59
4294967293,58
4294967293,57
4294967293,56
4294967293,55
4294967293,54
4294967293,53
4294967293,52
4294967293,51
4294967293,50
4294967293,49
4294967293,48
4294967293,47
4294967293,46
4294967293,45
4294967293,44
4294967293,43
4294967293,42
4294967293,41
4294967293,40
4294967293,39
4294967293,38
4294967293,37
4294967293,36
4294967293,35
4294967293,34
4294967293,33
4294967293,32
4294967293,31
4294967293,30
4294967293,29
4294967293,28
4294967293,27
4294967293,26
4294967293,25
4294967293,24
4294967293,23
4294967293,22
4294967293,21
4294967293,20
4294967293,19
4294967293,18
4294967293,17
4294967293,16
4294967293,15
4294967293,14
4294967293,13
4294967293,12
4294967293,11
4294967293,10
4294967293,9
4294967293,8
4294967293,7
4294967293,6
4294967293,5
4294967293,4
4294967293,3
4294967278,247
4294967279,112
4294967279,2
4294967279,109
4294967279,106
4294967279,105
4294967279,104
4294967279,103
4294967279,101
4294967279,100
4294967279,99
4294967279,98
4294967279,96
4294967279,95
4294967279,94
4294967279,560
4294967279,92
4294967279,91
4294967279,90
4294967279,89
4294967279,87
4294967279,517
4294967278,436
4294967279,252
4294967278,351
4294967279,250
4294967279,245
4294967279,243
4294967278,242
4294967279,241
4294967278,240
4294967279,229
4294967279,227
4294967279,225
4294967278,222
4294967279,212
4294967279,208
4294967279,207
4294967279,206
4294967279,93
4294967279,565
4294967279,204
4294967278,203
4294967278,202
4294967279,202
4294967279,201
4294967279,196
4294967279,325
4294967279,195
4294967278,194
4294967279,194
4294967279,189
402,6
402,5
402,4
402,3
402,2
402,1
4294967278,279
4294967279,297
4294967294,900
4294967294,915
4294967294,401
4294967294,966
4294967279,374
4294967278,441
4294967279,381
4294967279,366
4294967278,275
4294967279,301
4294967278,307
4294967278,442
4294967279,323
4294967278,271
4294967278,166
399,6
399,5
399,4
399,3
399,2
399,1
4294967278,401
4294967278,335
4294967279,292
4294967278,372
4294967279,339
4294967278,266
4294967279,526
4294967278,263
4294967278,156
4294967279,154
4294967278,399
4294967294,1416
4294967279,359
4294967278,370
4294967279,291
4294967278,369
4294967279,358
4294967278,145
4294967278,144
4294967278,259
4294967278,143
4294967278,142
4294967278,141
396,6
396,5
4294967278,140
396,4
396,3
396,2
396,1
4294967279,326
4294967278,139
4294967279,137
4294967278,433
4294967279,285
4294967278,136
4294967278,394
4294967279,367
4294967278,135
4294967294,1417
4294967278,134
4294967278,289
4294967279,274
4294967278,133
4294967278,288
4294967279,280
4294967279,282
4294967278,287
4294967278,274
4294967278,270
4294967279,265
4294967278,269
4294967278,233
4294967279,264
4294967278,268
4294967279,263
4294967278,267
4294967279,262
4294967278,281
393,4
393,3
393,2
393,1
4294967278,265
4294967278,356
4294967278,264
392,4
4294967278,285
392,3
392,2
392,1
4294967278,241
4294967279,256
4294967278,262
4294967294,396
4294967294,409
4294967294,179
